["2178:322704.0", [-0.1475489409168027, -0.5386879600300745, 0.551574090883932]]
["2178:322708.0", [-20.43740459554206, -21.11337467029098, 50.147506040155186, -0.9876016856553775, 11.502807154450004, -46.75057051378378]]
["2178:322712.0", [-14.904240391468981, -12.64467974880931, 25.89187054821255, 4.680313220066452, 2.9572010741582773, -20.146016102111247]]
["2178:322713.0", [-16.40858182296623, -11.205014853021922, 25.991726874758218, 4.911667385231475, 2.8744317426114065, -19.903357121052096]]
["2178:322714.0", [0.803179624582171, -3.2197021228374183, 0.9278715210589397, -0.9659385721725755, -1.7787790363948517]]
["2178:322715.0", [8.129931447825442, -36.503177562391016, 46.8069654754252, -7.1578564913220575, -43.65609182623437, 26.101837634338892]]
["2178:322716.0", [-3.461448195537514, -20.408633517204745, -24.645047804842278, 54.13458825026691, -2.7295799125718787, 9.028284681824665, -48.73044764005468]]
["2178:322718.0", [105.60783816870048, -28.97745311807228, -28.667126902245116, 14.48133863864837, -6.56551590980154, -0.03484499488830295, -22.601869708714275, -80.11887781923474]]
["2178:322719.0", [142.35110210957052, -13.322027493865509, -10.4152923426346, -40.36977329456447, 10.885655080770455, 3.1746053666343386, 12.123230013835538, -88.0042890551546]]
["2178:322720.0", [84.49166619646324, -24.550042543398302, -26.67489875343884, 23.322663179795853, 10.599723711810945, -1.684996520830964, 0.3233427477242836, -40.70890451059093]]
["2178:322721.0", [1.3107906213105949, -0.9470262917148489, -0.8262177184860775, -0.913044364565252, -1.6768198082618682, 0.17882580178597607]]
["2178:322722.0", [-3.7081243908621246, -1.1191901452015856, 10.272545935956543, 1.0369001138933243, 24.072656047276915, -12.564578692421023]]
["2178:322723.0", [-0.531451207566537, 1.687769381122635, 2.161182959616781, 21.003982537646355, -18.258681330322815]]
["2178:322724.0", [3.7187035106879556, 3.7294108742689787, -4.54276946757183, -8.140376099445362, -4.511035257827558, -3.0101977827799544]]
["2178:322725.0", [5.148931237008252, -13.561092980569782, -18.993629302674627, 8.586459187328195, -27.33551079474059]]
["2178:322728.0", [-26.446704445862107, 76.04256654419545, -5.315790117945397, -60.87248186930576, -23.706941550949033, -13.670215250203828]]
["2178:322734.0", [0.17640244445922093, 1.2008280317717208, 2.534674613596394, 19.389938552615696, -16.203261612475067]]
["2178:322739.0", [5.0847747475278915, 11.05950964206204, -15.763546035864586, -0.4348857604848604, 17.31883586440259]]
["2178:322740.0", [0.4134747281959541, 0.24776132417665764, -0.03349890380616216, -2.2449996603182854]]
["2178:322741.0", [-13.773451263639515, 10.17928468121086, 14.482923913191229, -8.392329814367628, -9.251235995071394, 0.4870576676757281]]
["2178:322742.0", [-0.006878059488865773, -0.03376201438562987, -0.5359029178311019, 0.6151753408577463]]
["2178:322749.0", [2.3662987467715837, -1.3791362396549829, -6.286807257975504, -1.7395354509640697, -2.773063482088247, -2.781737653588099]]
["2178:322750.0", [-0.17378122799091145, -1.0269246830908116, -0.6843678380631388, -5.020618669037333, 4.267576288525802]]
["2178:322751.0", [0.7984306320469727, 0.20960745306143735, -1.718487717302537, -2.5989518306072625, -1.9964688409218496, -5.464833297784779, 4.460613007738338]]
["2178:322753.0", [1.5787748291069406, 0.26880229869706795, -4.0846646685080685, 2.3540270366586356, -6.789347919708376, 4.076525504402554, -1.4965632111966585, -1.8712616651848464]]
["2178:322758.0", [101.36944372015891, -17.51217229374917, 23.405983404983786, -48.79865235597341, 9.310997130264475, 1.1075957388913906, -28.921098040272945]]
["2178:322762.0", [1.218596348309827, 1.064508718852423, -1.1001224379356387, -5.308054907519697, -1.8116480230539054, -5.124079940300959, 0.9568617907473751]]
["2178:322764.0", [1.3673741456752566, -0.5771030780106372, -2.5139802112897343, -0.5310577905278251, -0.5874731299414861, -2.233618957274693, 4.83821369470467]]
["2178:322765.0", [-4.078543560298556, 0.14652304111376324, -1.212080216707605, 1.7854310804095235, 1.1170897470451777, -3.2285664070598727, 2.5031303305128105]]
["2178:322766.0", [102.83763229191455, -4.7493978492319044, -3.359111502971885, -42.13374613668939, 29.426150336570053, 1.1072538765382376, -31.64991970549785]]
["2178:322767.0", [-65.24475102909227, 34.67353842797051, 35.010255234594325, -8.180766694505657, -67.72430916493776, -1.5106037976464393]]
["2178:322768.0", [5.078431523912627, -1.2136877978884328, -16.889751202190723, 12.11763189793517, -15.711061243576864, -26.888767073100475]]
["2178:322775.0", [97.23913620319179, -4.201723340172439, -1.710912599211511, -38.629942794237344, 21.298352238600522, 1.8614930338391957, -36.13420866536559]]
["2178:322776.0", [97.98889486010656, -21.551542477015957, -19.96668813973008, 10.81555076328712, 1.4097501673057735, -35.751914016180756, -35.8806215356354]]
["2178:322777.0", [0.6626284829240419, 0.6363149672606596, -2.447456574431584, -0.8333595090846302, -2.3132804758331034, 4.031853433318588]]
["2178:322782.0", [1.220738062062999, -2.489047007637268, -0.9433397093526281, -1.9774652458809499, -0.5959501151301723]]
["2178:322785.0", [109.44551123530754, -41.32738757794469, 79.5630932691291, -50.56875121441277, -89.78887951053888, 2.2887737278368547, -11.021787069743475, -1.9408808040285095]]
["2178:322789.0", [-0.303009017775306, -17.756883840720874, 11.046489599464053, -16.629218965924153, -28.36217636207843]]
["2178:322791.0", [3.923335958349057, -2.5769690937332967, 5.047993838155179, 34.05441169704188, 11.334129527231212]]
["2178:322792.0", [4.1722383428269225, 0.5060881226008433, 2.768084776004315, -5.90132672610445, 42.13085731786159, 8.297028170806541]]
["2178:322796.0", [-0.48985256467999605, 0.41696317030836383, -0.6232708460636616]]
["2178:322797.0", [1.5392175954589256, -1.9069805291792505, -0.8229278564601543, -4.355852518623308, -2.5059100902150533, -4.599809221635269]]
["2178:322798.0", [-4.359116631549881, 1.9858784806715377, -0.8512263762467711, 3.6734823283244395, -4.829321214485624, 0.8382057669307414, 2.614823277464467]]
["2178:322799.0", [-0.6706254548226944, 0.6348743157051047, -0.07847439129895406, 0.7584709387002349]]
["2178:322800.0", [0.2311495206427736, -2.7601397617519012, 1.4933247244313748, -1.9747746320479393]]
["2178:322801.0", [-1.2679070494826021, 0.3635086795701419, 0.5599745205286695, -2.7948197988863797, -0.4456407278904919]]
["2178:322802.0", [0.7892132635038962, -0.9129060901487662, 0.7443195325951137]]
["2178:322809.0", [0.41059872567205247, -1.0035245371666264, -0.45394962893782775, -0.5919251425404752]]
["2178:322810.0", [-0.0740790937510667, -0.5762859828760014, -0.08502450408284545, -1.6765456793529125]]
["2178:322812.0", [4.226699285983102, 1.5810026060370284, -1.8802784767655965, -2.4719529939129075, -1.417400120265171, -1.2308874178850644]]
["2178:322814.0", [107.98144819366946, -26.46027152927808, -23.813417498639268, 1.0777871562271315, -10.43846119229871, -75.00346795489632]]
["2178:322816.0", [107.73487312655202, -25.73681965416384, -24.18889313410891, 2.190675975364911, -10.729399094577865, -74.35376948257775]]
["2178:322817.0", [0.9304222985278088, -2.3887294323925374, -2.745731982150147, 0.10386311606011134, -0.7821345822556225]]
["2178:322821.0", [107.80706469077795, -11.006965409853048, -7.7361823231058935, -34.199322701340826, 17.05868406892344, 3.8705537431279424, -22.26941928502921, -22.941759068884373]]
["2178:322826.0", [2.180784540314974, -0.3842972312042434, -3.2020493960493184, -4.494886303642566, -1.9121100639051605, -2.8097436885844544]]
["2178:322827.0", [1.7856711216337509, -0.6252154128679734, -2.059372503092604, -5.514348471962464, -1.8102399753784653, -3.8819089782544225]]
["2178:322828.0", [-3.6509661277610093, -1.4817001171054045, 42.28138520900349, -67.50039681050757, 1.2501409114437507, -20.36124733635434, -15.649832970048529]]
["2178:322831.0", [1.6289077447964928, -1.3099152367658178, -3.369988592608948, -1.7944294502079714, 0.8257975049855446]]
["2178:322832.0", [113.93075143561708, -13.863199025847123, -12.308289887233698, -23.61722697791224, -4.722852864724693, 2.85242575222388, -67.63647553230666]]
["2178:322833.0", [106.89737464100834, -12.97901729655958, -10.640561715854247, -38.16216036767288, 16.92871363505614, 15.417783736456414, 2.7086985449369365, -26.491905376021364]]
["2178:322839.0", [0.9226892952710273, 0.056185787105789586, -2.9064417912352525, -4.1367712018487595, -1.612975505704732, 2.817729756127946]]
["2178:322840.0", [103.72598280957853, -8.336056677263937, -7.7729667674195895, -33.971365860069426, 14.994449072770905, 1.914070737473594, -22.887071541849537, -22.13446793492787]]
["2178:322841.0", [129.86207503604192, -11.791422971836347, -10.0444746599712, -48.28292881581168, 19.486644326900688, 21.049133757927706, 2.738151102498719, -29.94856484398413]]
["2178:322847.0", [1.1419589639051395, -0.7050111960526237, -1.8023555219754925, 0.3143799082612233, 0.15904821442789796, -2.2159156732384133, 5.120199611315577]]
["2178:322848.0", [1.191740007623057, -1.231863027895784, -1.750654278846497, -0.9483435761105383, -2.4926974805311772, -1.1918270770622357, 2.1959856160847266]]
["2178:322849.0", [1.4418292941860784, 2.330141573745678, 0.010199594027980652, -3.8266767092646745, -2.529146413892846, -1.4678981668174913, -3.931472478880842, 3.987868822410256]]
["2178:322850.0", [121.05017104625789, -14.768049299418333, -14.096058295392822, -23.3446814614641, -7.482199036155329, 0.7234095860406597, -8.42649842860682, -67.09943290357319]]
["2178:322851.0", [3.91461388788008, 0.7572144409735486, -15.731001548866331, 12.47354684317692, -18.384574994526183, 12.482495510360444, -31.853908211079766]]
["2178:322856.0", [0.832206366743037, -1.0144497649566375, -2.8555009617247222, -1.2582194612346598, -3.2886534712252598, 0.49800673132578055]]
["2178:322858.0", [3.6483288491784727, -17.194659348858494, -20.685974526759686, -29.628233235809418]]
["2178:322860.0", [8.0197790503704, 8.037280970053388, -6.478829913529324, -19.786299710339364, 0.1526934318884372, -12.310731565573157]]
["2178:322861.0", [3.588983844057495, 4.742957794663425, -15.432840010177259, 0.5309412241698652, -14.48168847657248]]
["2178:322862.0", [1.7662227450486832, 0.5434568736287844, -2.9312868445922433, -0.4460021295621104, -0.49007837445600444, 2.98375374365137]]
["2178:322863.0", [0.2595282247358668, -2.3491861237398552, 0.8194670227614154, 0.7801206428788205, -1.6788947985951097]]
["2178:322864.0", [1.6657908922561013, -3.3212795258296524, -0.37539737165430154, -4.642171502385189, -5.082231729785491, -7.387990643216007]]
["2178:322866.0", [5.4177407168089005, -15.39378986337853, -19.688192888070766, 8.599318440132315, -29.951547176719995]]
["2178:322869.0", [-0.12650283886299363, 0.31435376562048134, -1.3860028848294306, 0.1316444392129199, 0.003722167104598384]]
["2178:322871.0", [10.4935826721698, 10.387448371527299, -1.916973887094536, -93.64772442265698, 108.19159668480233, -26.760315558831977, 2.2746932839450977]]
["2178:322872.0", [-0.06053766094013824, -0.112670369212438, -0.4346976962185636, 0.017578983872112985]]
["2178:322873.0", [0.15728300214698976, -0.03956850470363804, -0.6222291092536096, 1.1727945802037283]]
["2178:322878.0", [12.779604050952798, -13.707304683361528, 21.752223276621066, -7.210610098574854, -30.48806066305672, -24.848796100054898, -23.714513610759603]]
["2178:322879.0", [3.328517375252538, 2.304758823926335, 23.118828115409784, 5.899640516909571, -63.50178460910751, -0.7072853608573837, -9.372075695367379]]
["2178:322882.0", [-7.6260734817190325, 2.4181918701187435, 1.3874203112080608, 33.850879624849995, -66.40507010555396, -0.3600732145511074, -12.349559133014772, -7.438668686684963]]
["2178:322883.0", [-9.48440505119894, -7.087348377352967, 28.353845194821766, -19.253129338614315, 0.8764104733557616, -23.330462969997313, -21.103619491368704]]
["2178:322885.0", [0.7848038622228195, -17.264394356750273, 14.52685540447689, -16.20159372841833, 13.319109467840448, -32.655372945892694]]
["2178:322886.0", [-21.416930219165334, -24.892319286041513, 53.74828714083092, -3.5915577364099533, 7.668603836859525, -49.60645885385155]]
["2178:322887.0", [1.4721447480887164, -1.8873853297880032, -0.8741021384755427, -0.023123538014161227, -2.4646980807411722, 1.0709745812200921]]
["2178:322889.0", [2.0477660963917934, -0.5612890343174541, -3.697570823868986, 0.32212178770586775, -2.964721525223254, -1.3614973516762419, 4.539770479364449]]
["2178:322890.0", [1.673655597738719, -1.4148547883250586, -1.9555053017048465, -1.5550509335999863, 1.2230813480769882]]
["2178:322893.0", [1.00372256958293, -2.5514562360602895, -1.4015620802101552, -1.2534433631785902, -0.5127692655833087]]
["2178:322895.0", [1.789485734656747, -2.449825251478643, -1.407550882000976, -3.610212711841328, -2.805922351918909, -5.110814314644536, 1.4038367563617342]]
["2178:322896.0", [2.5296587767153973, -0.7931864363730199, -2.620422827514986, -7.1195930726091206, -4.420424347257963, -3.679205636319608, -0.7887737432498483]]
["2178:322897.0", [1.4365840015879172, -1.311218874324851, -3.5227631280056784, -3.1105753010703694, -4.797023137781146, 5.32199812622693]]
["2178:322898.0", [2.653805955542367, 0.8172753586201189, -1.9488793655111039, -2.541600569547967, -2.4562039413376198, -2.9550663199729215, 0.6505269795251394]]
["2178:322899.0", [0.822302895146013, -1.756539170347537, -0.660278153190788, -1.3332905217676512, -2.8496478052909424, -1.3107260324356034]]
["2178:322900.0", [0.18682301442554206, -0.5374905649605353, 0.9998089253636806, -3.3905083792657607, -1.1450163512915026, -2.3758284988213063]]
["2178:322906.0", [7.89264026812852, 8.8877895769362, -16.55465087167319, 1.8032456012870455, 18.061858582821834]]
["2178:322909.0", [0.2957427915129749, -0.46813987623860953, -2.893297652039564, -1.4341982735937222, -4.7396189122429035, 2.11560094083886]]
["2178:322910.0", [-0.42460842685513356, -0.8043271722209369, -2.3857112346415335, -3.989575425846553, 2.9437321419058975]]
["2178:322912.0", [1.5918634096682673, -0.14116688823840207, -1.1911134923070676, -3.1650263666228753, -1.0256569640467177, -1.5036809017405162]]
["2178:322913.0", [17.479846916692114, 17.759733249175298, -10.228121473518833, -68.66114362907459, 32.93369854102351, 1.0607152274659057, -28.751123832211803]]
["2178:322914.0", [0.2782716082380645, -18.169097723662958, 14.857815746377888, -16.91197607062388, 10.882021919372988, -33.112024432714705]]
["2178:322922.0", [-13.315583368325676, -11.637846745452876, 25.259385742201953, 1.4409873478304291, -24.569600661551476]]
["2178:322925.0", [-0.5455243680959043, -1.640911594094888, 4.417545853604793, -3.140487512165379, -1.8058523125138066]]
["2178:322926.0", [0.7942270465287322, -1.5795990464839065, -1.5009436894050125, -1.9343401052266387, -1.9996684661182513]]
["2178:322927.0", [0.4456471260006367, 1.402056621511214, -0.8959194924509859, -2.3788242371220036]]
["2178:322934.0", [82.12101732802115, -18.573380781977086, -17.840114318925984, 22.196022740160032, 1.708600179609988, -49.145824760799485]]
["2178:322935.0", [75.89047289932245, -19.8143500997469, -22.304397381294947, 24.467585139267626, -1.1596013946047066, -46.40893369564536]]
["2178:322936.0", [-2.357259446989076, 6.0842767953297745, 4.529708270616808, -20.55033266936674, 0.12306328289459145, -15.650241029199812]]
["2178:322941.0", [0.25230859706908504, -0.3457729381065775, -0.5836298474972423, 0.5232948659470935]]
["2178:322947.0", [80.60715496484153, -18.75310424813956, -19.023350253239258, 24.568629959936743, 1.1311418032972256, -45.6425673753608]]
["2178:322953.0", [-5.330232358644366, -6.723947088557381, -4.556033803668086, 44.185401294735215, 9.833531398575978, -66.55246251712953, 1.7857367403815942, -11.717924559975593, -8.604282275262442]]
["2178:322957.0", [-5.839779607975554, -2.621738104173332, 38.687981165279, 15.175162067014902, -68.17260212306908, 3.865175798200596, -18.0520968745043]]
["2178:322959.0", [-14.764145942312364, -12.37482838791064, 28.50676359190509, 3.567477076948265, -16.320968698129782, -10.168744597220723]]
["2178:322960.0", [-12.251524079794606, -10.640229282449184, 23.911963511520856, 2.02565947498762, -22.47199792944867]]
["2178:322961.0", [-21.052988765063105, -22.022909927257942, 51.85606245542254, -3.703492412271288, 12.422706658208085, -48.8351508025568]]
["2178:322962.0", [-11.976203194598973, -10.641148803852246, 23.532640378545953, 2.2624119936748883, -22.139390730734142]]
["2178:322965.0", [106.39425275478675, -25.758099242663665, 105.62335091901116, -34.334889246474646, -5.150550119552754, -176.32358006401006, 2.9438680484677917, -8.751327662872285, -4.023458426890315]]
["2178:322966.0", [-11.618333612520189, -2.101485354428707, -1.4071772647141216, 43.41437940068628, -64.4452772013446, 0.3134296600377553, -15.267379230050182, -10.7626996129936]]
["2178:322969.0", [1.4871569830437785, -2.3662813610838214, -2.1850670814239237, 3.1308613737804194, -3.510440221091585, -1.399166095168212]]
["2178:322970.0", [0.6945473170692118, -3.3690524014040477, 2.7779395958008593, -0.940321315699471, -1.6344675827190258]]
["2178:322971.0", [1.8641281331852149, -1.4664260327527359, -1.6543124272998, -1.1390292848998769, -2.1667425114548564, 0.08996456834844935]]
["2178:322973.0", [1.551176739060434, -1.7383231609116478, -2.18648645946368, -3.826145657897243, 0.7301599405079031]]
["2178:322976.0", [7.256091159693586, 10.030853277467187, -17.164194677233837, 0.5698789439819478, 18.51677569534523]]
["2178:322977.0", [-10.703583851109823, 21.487688550852965, -6.52841400338545, -2.477270212910611, 3.6926055518951486, 8.129937764132848]]
["2178:322984.0", [3.4264568011813736, -17.066193281172602, -21.597390190776252, -30.244200568062173]]
["2178:322985.0", [5.6076240534337956, 2.1940099554328327, -3.671321133305497, 2.376958086149287, -8.01001689175844, -6.8224606142207875, -14.557834208016025]]
["2178:322987.0", [1.2369352121175474, -0.992790621887707, -2.198905363959696, -1.3070611213518362, -3.2869177397514733]]
["2178:322988.0", [1.6091345192355213, -0.29480303507054373, -3.5149207284511874, -2.2507423145765273, -3.3347658505279583]]
["2178:322989.0", [11.821384308179951, 12.546949431419591, -4.039701209746994, 19.116943424485044, -58.496733668916946, 0.3746225819817113, 25.556324189426924]]
["2178:322991.0", [5.149417924876271, 4.619680365116935, -5.866487235237187, 5.157937405093122, 37.254833945671955, 32.96216494054939, -7.605897733723019]]
["2178:322992.0", [98.08496641284759, -10.382216171361726, -10.306570508317705, -41.138058125037574, 17.99093074422663, 19.371079249545467, 49.039468215417365, 13.563061955572335, -28.05486874408404]]
["2178:322997.0", [3.354812426688145, 4.142680446367635, -10.942312232709654, 9.405135390696664, -0.6884194485884478, 23.525776130580397]]
["2178:322999.0", [10.134464828453702, -0.2109897387288484, -19.087762954368955, 12.654636101015228, -18.597126190158896, -30.67048772373142]]
["2178:323000.0", [-1.501230775225352, -19.671038190334087, 13.482731152549725, -18.84610846061905, -32.43483203969921]]
["2178:323001.0", [-23.240474111065392, -26.319354910570596, 56.65553700325846, -2.373681828600894, -45.19185872664488]]
["2178:323003.0", [-0.036705244972793594, 0.6332669504196105, -0.6117443030808545, -1.042348303917045, -1.6910402363551214]]
["2178:323005.0", [-19.162062388920383, -13.907103594632943, 33.87726190383218, 2.0504584128718832, 4.209086753231134, -12.242070316850956, -17.53121733200858]]
["2178:323006.0", [-0.3334477038054189, 0.673525243570154, -2.193514135725735, -1.2243262670647965, -3.7884324412157895, 2.5135240308089166]]
["2178:323007.0", [0.3120544106896368, -1.4724754781697271, -0.6240063362569401, -5.698249584603495, 4.252115167058591]]
["2178:323008.0", [-16.60977848880119, -16.004830474632016, 32.25112362597476, 3.537003725608514, 0.7951106770025973, -13.783475867933255, -13.450662520464263]]
["2178:323009.0", [0.5861261598977769, -1.4084639761899354, -1.407810662760717, -0.5429428564142, -5.07991770681155, 3.720726746255373]]
["2178:323010.0", [-16.34071223196739, -14.881941417651035, 27.74145572393707, 8.701219064108159, 2.3355757591886572, -18.932239145113265]]
["2178:323011.0", [-15.882192365259755, -13.116186445223235, 25.96569825593172, 7.804921455604315, 2.361931438936793, -17.885032932236463]]
["2178:323012.0", [-15.369993567458113, -10.65099193728507, 27.503121153795277, 1.991162292138469, -25.79460279441699]]
["2178:323013.0", [-17.87024164423485, -17.265968720220144, 38.51066132272355, 2.137469399075684, -3.752152965777256, -30.765535712615897]]
["2178:323015.0", [-0.22861037196018685, 0.033170531030364714, 37.34570736310855, -65.37274994604095, 1.504652691713389, -21.40316316565798, -12.690351665671692]]
["2178:323018.0", [-17.085870447076434, -20.15924986568956, 49.5703657646948, -12.989121677920522, -0.8219052418936883, 5.374565511939615, -56.06498169460948]]
["2178:323019.0", [-16.892139810586855, -19.395354986832587, 49.94769119955994, -15.376834490721237, -3.42451874983567, 3.947130619132267, -56.193557982852106]]
["2178:323024.0", [-17.742459973187906, 110.41397343473288, -146.3144809839701, -1.2299177365917018, -32.14751690140127, -93.73145133951185]]
["2178:323025.0", [8.42418438088356, -12.75223978073386, 4.468249877051619, -10.854787898558413, -19.867771278130014, 7.667288690454342, -33.84414092576105]]
["2178:323026.0", [11.049198809760725, -10.811292497437876, -8.245052804797602, -24.336760097706616, 8.39463934747284, -32.366085243681844]]
["2178:323027.0", [0.0849574214035016, -1.3237946416612374, -3.2211125968673002, -4.069498951940091, 2.6258537128862542]]
["2178:323028.0", [-0.5446641781435453, -0.4804452775922954, -0.10179561792006098, -1.3635101932705709, -2.835628310731913, 3.026084560699644]]
["2178:323029.0", [0.10553065823292229, -1.3219759375963491, -1.8028947614376847, -3.3350666247202057, 2.8745247958128317]]
["2178:323030.0", [0.5917771301719448, -2.815237424552407, -2.5495256633754906, -2.8493497866567736]]
["2178:323031.0", [0.3844576739151222, -2.0652998651362253, -4.3593865333863135, -1.8708644631197302]]
["2178:323032.0", [48.167877470599436, -23.994013220701067, -29.918551923293776, 49.06257071068741, -8.63906076894176]]
["2178:323033.0", [100.91573160354528, -9.194262525830105, -3.405145954424242, -40.89419261120261, 24.48449101025767, 2.7353803039176796, -29.158521304812446]]
["2178:323036.0", [1.7925613769266988, -0.31915509077886384, -2.42164801426226, -0.40042175828307336, 2.3537298864032223]]
["2178:323037.0", [0.7187851916141099, -4.644039770002536, 2.086344160506215, -4.869765454010249, -6.4672389290587216]]
["2178:323039.0", [0.007738344640586092, 1.367528346747207, -3.3659395766114386, -2.0955080836294115, 2.592403317310186, -1.915086800812702, -0.17751225238804125]]
["2178:323040.0", [-4.601698586845174, 15.120829166793438, -3.0092001983251464, 18.27380209335179, -38.581383947484056, -17.983935879674732, 5.2808203752699185]]
["2178:323041.0", [108.18282733664954, -3.5112869641032525, -2.566271118076699, -25.5405335363711, 16.522269876832667, 19.091759527622514, -64.40989773927903, 2.2786353219174913, -21.180498288866218, -14.342043275921014]]
["2178:323043.0", [0.025450567452026007, 0.6956818219373524, -1.3023083115801626, -2.857256777997307, -1.7058022533152553, -2.6595526374374643, 4.061042347134929]]
["2178:323045.0", [0.9351473508779797, -2.551301461086098, -0.8083834534259893, -1.788713990855868, -0.466284502308163]]
["2178:323046.0", [0.8177010794485611, -2.7058091646858173, -1.588114243794891, -2.550566176485731, -0.5440560603667777]]
["2178:323047.0", [1.0795383655589177, -0.7431458172769254, -1.791335675932018, -2.307441963514421, 1.3598020691130799]]
["2178:323050.0", [98.16863823090384, -40.43862240457361, 92.99998739561553, -54.688360325471045, -11.209971913597265, -86.90857287166875, 0.6484785789245677, -11.188017035720954]]
["2178:323053.0", [-35.47087893708961, 46.87946592741473, -5.403688201309215, -43.78725972906356, 29.110979320043306]]
["2178:323056.0", [1.9249908920712642, 0.08446705575595104, -1.2217068259870842, -2.03755114701886, 0.14327336845063599, -2.0088642261923155, -2.816192736844762, 2.87416337299927]]
["2178:323057.0", [-1.10655409048789, 0.7412173196082392, -1.5038881332691574, -1.7354520400104576, 1.4495076510265505, -1.7974137265494363, 2.5631532293672024]]
["2178:323058.0", [-2.2682618903188256, 0.6738112758673047, -0.3357573739318127, -0.8810283610651766, -0.7921734380135916, -2.135633936222959]]
["2178:323063.0", [0.43382864899784224, 0.5532912497902203, 1.7995890423972014, 18.390535159447367, -15.801318212797995]]
["2178:323068.0", [68.2300332093586, -9.588087325466752, -10.13383486839588, -3.6358018737315514, 15.677705396224205, 1.6382874666448544, -50.55406702784947]]
["2178:323071.0", [3.7802485404072, -16.846550476727785, -0.7505866447766039, -21.381701841165743, -30.45167748026614]]
["2178:323074.0", [-0.05735597384327562, -3.3880550557692573, 0.4842579189363647, -1.072970814132205, 1.395436904674753]]
["2178:323082.0", [0.8440911251828531, -2.1297826227681327, -1.8241491287440965, -2.3493957047565175, 1.3470138287719067]]
["2178:323083.0", [0.19718803808187957, -0.9958555707870573, -1.0843049008911692, -1.285669891516612, 1.2026942467111539]]
["2178:323084.0", [11.46212464051121, 11.47741590355416, -41.08620400761957, 0.7825977262220221, -24.41232077702159, -21.506452672070765]]
["2178:323085.0", [1.0286232828330846, -2.0182562570448255, -0.29065152981338116]]
["2178:323086.0", [0.11474981220445812, -0.4587788940031885, 0.2916532101215452]]
["2178:323087.0", [0.09412815239657846, -1.5181580319759576, -3.2402881859739097, -1.6042021039159167]]
["2178:323093.0", [1.0466774585500893, -2.146904266393733, -1.886629920168886, -1.2377626223970921]]
["2178:323094.0", [0.6918858700788988, -2.0912635400083985, -2.1806062445135126, -1.404695200827014]]
["2178:323095.0", [0.7880931243651723, 0.1698776963641393, -3.200118627974632, 0.906841140945744, -2.6542516571764168, -2.4898461234631384, 5.276434974723962]]
["2178:323096.0", [1.4260331611989798, -0.578017789150806, -2.748933664344051, -2.6522921679468823, 0.4458339132297411, -2.23697585000329, -3.5193624888800343, 4.018944588891159]]
["2178:323098.0", [-0.559454216284422, -2.1989074512234197, -0.23309431213263565, 2.538791603039357, -1.841161317530208, -4.514732204472338, 5.463607539621712]]
["2178:323101.0", [2.0434513850078595, -2.1440401130648468, -2.1508593087279593, -3.665075323761002]]
["2178:323102.0", [0.5863280099848822, -1.5077740579292538, -1.6160339322634059, -2.289312788515332]]
["2178:323103.0", [3.40923486328877, 0.334219292869804, -5.915241690698451, -1.8247328322577232, 4.993032168722237]]
["2178:323104.0", [1.1635301741694448, -17.804985169168532, 12.718369164640308, -19.565080011157605, 12.974204442106881, -34.8741352944932]]
["2178:323105.0", [1.2889388832924382, -18.44655351346431, 12.171403034701243, -19.186489323218247, 10.786105654842252, -34.658509366576496]]
["2178:323106.0", [0.1450988395477708, -16.828757903246014, 11.681516226830112, -20.0252305303599, 9.504219784295955, -33.41641525320967]]
["2178:323107.0", [0.11899031589660325, -2.416278231632745, -0.45758491923893985, -2.4748712488536455, -1.318989448155321]]
["2178:323108.0", [-1.783747394477178, 1.4941947897354027, -0.6316028967158118, 2.233595389111997]]
["2178:323109.0", [-15.208018377882215, 31.42389027456435, -9.425039327310486, -2.7756414005063164, 8.112223842965918, 10.570586705308195]]
["2178:323110.0", [0.25504777787440247, -1.2640960798561736, -2.4757729952415843, -1.772406102035454, 0.8645987085511777]]
["2178:323111.0", [0.7981775556134103, -0.8744795524250577, -1.8614503119163714, 0.848665781181893, -1.410236990164094, -2.0627717889669057, 4.099453716525481]]
["2178:323112.0", [2.3465701268404473, 2.367619910674449, 0.2781446433839818, -7.1991684010266965, 0.04353727923998463, -3.040711861401121, 0.13538152960722982, 3.416971025993199]]
["2178:323113.0", [0.4253641727812578, -1.2192012035700515, -1.403283484359477, -2.0918938049634477, -1.6981141889987441, -2.590238232019125, 0.6803083483674506]]
["2178:323115.0", [4.54063262074763, -13.884391867241462, -22.277347162182174, 10.946060420004954, -31.304750241790494]]
["2178:323116.0", [4.792854560431522, -13.249868956193339, -21.196283615080347, 10.664446866363583, -29.374050118990702]]
["2178:323117.0", [1.5831187259619774, -0.21753727792967936, -2.726602141481507, -1.4222770433469663, -2.1815124270036037, 4.160655738184317]]
["2178:323119.0", [0.3404470188315649, -2.5220247340257202, 1.0071337892360077, -4.448716156697259, -0.8708419720249694]]
["2178:323120.0", [-0.06312856655794619, -2.0577953438992296, 0.0223868655210282, 1.1650962232932613, -2.676974572066044, -2.66057611787447]]
["2178:323122.0", [6.605940926952531, -16.482108124667718, -20.014116537027164, 12.414741533318555, -32.320059065692234]]
["2178:323128.0", [1.221263512401464, -3.0492530915918223, 1.0757328578757068, -1.6002767606265706]]
["2178:323129.0", [3.4767356423607154, -1.1444189576442199, -0.9648128989117026, -5.575001857415344]]
["2178:323133.0", [-21.216146548816514, -26.42855103463664, 53.81304837722113, -4.585588728822913, -43.746617665027365]]
["2178:323135.0", [-18.85339338848681, -12.076356773182326, 21.52166472530428, 15.026320773762691, 3.2161967521427925, 15.606366579848057, -24.187398544618546]]
["2178:323136.0", [-19.14750193654084, -13.866075283772773, 27.68671597756273, 10.711582362741524, 1.4723407752112507, -17.89629213587628]]
["2178:323137.0", [72.7573759040605, -23.868801124457455, -26.253101569077913, 30.78365008086621, -1.9772870795690096, 8.486998882523768, -46.44843334753631]]
["2178:323138.0", [0.032058017531131355, -4.394134202763794, 5.927076986902179, -2.220640564756721, 3.8560325835908813]]
["2178:323139.0", [87.92180576141067, -14.233755513232605, -12.820822865978286, 3.4140097462874053, -40.611055993268195, -37.324692545220934]]
["2178:323140.0", [0.6223503275270836, -2.2695394538457947, -1.2321300868042897, -3.9368947598947486, 2.5054617673922266]]
["2178:323141.0", [-17.578738100628833, -16.940510400593823, 29.704176040438913, 11.214033564916363, 0.8884933999458156, -18.87035262722394]]
["2178:323142.0", [0.4288112769546579, -2.446160033498032, -2.100361269030529, -1.6429542956587682]]
["2178:323143.0", [3.22277703284405, 0.16617476515008534, -2.2506277142461215, 0.410741583512646, -2.7800251902102104]]
["2178:323144.0", [-4.491657208497088, 10.390795577010493, -13.564253264588231, -8.49754345172218, -21.52129854166199, 11.087457656015147, -36.41808449502513]]
["2178:323146.0", [0.6988432390762682, -0.007741321410787094, -1.7904687381631135, 0.6009961785376845, -0.7914303680475712, -0.1420774972482164]]
["2178:323147.0", [116.23210824031091, -15.668001802562749, -14.708981443575013, -16.428295475425493, -8.956327474175168, 0.28415191337616363, -0.6179674476530295, -66.66274395077986]]
["2178:323148.0", [3.4111847674848264, -0.4438017612946652, -2.040299383762246, -1.8173104649363836, -3.5967061938377327]]
["2178:323154.0", [0.45644934954362526, -2.712950142000352, 0.6527591066255809, -2.426996601903184, -0.39412714899698287]]
["2178:323155.0", [90.05492369634301, -21.316745564304625, -19.293064735642858, 13.5434538372713, 1.3969395772521693, -28.89278630945308, -31.7431190239163]]
["2178:323158.0", [107.0558349296951, -24.13319469541026, -23.351308171615642, -3.722070211759956, 3.087891978219673, -9.441800040754451, -77.24236542689047]]
["2178:323159.0", [96.43367060487282, -25.004484836786546, -24.33093914378435, 6.296069051245574, 50.685118156222856, -23.27509316490533, -53.66576923621111]]
["2178:323163.0", [0.11150466335126907, 0.033366762953388474, 0.43597493135230536, -1.587361770536262, -3.189980074680051, 0.9002966950962588]]
["2178:323164.0", [1.233995849391647, -0.4724386415758346, -2.6728801492589156, -0.6818409127559875, -0.9748704573606162, 3.4693729989505826]]
["2178:323166.0", [152.98596493771117, -14.262951617033359, -13.133993734490417, -44.45599244418417, 27.33193436501746, 1.6821524527532148, -34.6291787809504, -31.669219198863566]]
