["2178:322704.0", [-0.30823703798444607, -0.5312781832726332, 1.0917485908643392]]
["2178:322708.0", [-19.88426026209898, -20.446114466253338, 50.276626258351136, -0.8734858150608118, 11.078783039202877, -47.28871049962547]]
["2178:322712.0", [-14.696556209080287, -12.421451084473514, 26.654504096725436, 4.339522740036609, 2.972745556105379, -19.591066735987056]]
["2178:322713.0", [-16.158044683733376, -10.919532154198418, 26.86252278292385, 4.57080097422575, 2.9093773022020573, -19.283098352119318]]
["2178:322714.0", [0.4012155076469217, -3.783150323736681, 1.0654670474809622, -1.1274226561365888, -1.2392193930375797]]
["2178:322715.0", [8.138524249830535, -36.32601827360051, 47.40931717346466, -7.053313388039065, -43.23089941698542, 26.02922144883138]]
["2178:322716.0", [-3.3821617004855047, -19.808924040756235, -24.034165388464547, 54.43002081982685, -2.718406972642656, 8.724007774936098, -49.04589748687247]]
["2178:322718.0", [106.04751587072963, -28.72385854701104, -28.332611026373954, 15.178468319329879, -6.670677735959517, 0.0460763099216199, -22.158334599094008, -79.75626401442439]]
["2178:322719.0", [142.85736229746334, -13.871942747174497, -10.954605682195346, -40.11530812338004, 9.840081553316903, 3.185207280382582, 12.927610438328959, -87.21051054440943]]
["2178:322720.0", [84.94283461869416, -24.47248967122527, -26.500000057843458, 22.94904762973797, 10.323453985175409, -1.587650697408616, 0.885658080385086, -40.243935001352476]]
["2178:322721.0", [1.1047230965630384, -1.2574021220263365, -0.6898169905314713, -1.2892655402217552, -1.7811281138257993, 0.6256023600520699]]
["2178:322722.0", [-3.5745964197754794, -1.016438103976888, 10.01235399934476, 1.0061241840313766, 24.426467929843913, -12.17999087999208]]
["2178:322723.0", [-0.4715503642907446, 1.7053303564390814, 2.118843091657435, 21.596296838061395, -17.624027161948426]]
["2178:322724.0", [3.515215842997148, 3.47487601212601, -4.405907860980062, -8.603613051783396, -4.56208245227972, -2.618801314045218]]
["2178:322725.0", [5.096022303313619, -13.36621171841358, -18.74583910682379, 8.530689550657604, -27.63907062726202]]
["2178:322728.0", [-26.620393322330045, 76.21199375147758, -5.521154849002179, -60.62381407160022, -23.363825467198975, -14.04500718854273]]
["2178:322734.0", [0.21642944271211786, 1.1859169365187336, 2.4797365200905097, 19.8991332828815, -15.63912878870338]]
["2178:322739.0", [4.869355386609276, 10.820295652516752, -15.544321932091625, -0.45868038911153347, 17.753479329094166]]
["2178:322740.0", [0.7373187030012714, 0.05143247304648976, -0.2803248374717685, -2.295496742853724]]
["2178:322741.0", [-13.340563653374456, 10.005915626498416, 14.278918716406702, -9.029222621417214, -9.955237486296909, 0.45642152560364396]]
["2178:322742.0", [-0.06489680637003918, -0.15504219831972862, -0.9275384926113396, 0.551913903804821]]
["2178:322749.0", [1.9220702019155835, -1.9177716065627264, -6.939743236493959, -1.8339422730158133, -2.3528708902031976, -2.267138239651306]]
["2178:322750.0", [-0.29746528730692345, -1.289865427430024, -0.8236245230863393, -4.574626008019867, 4.852825634566469]]
["2178:322751.0", [0.5030332805539386, -0.22166578369188839, -1.5068990933486515, -3.2982489557899655, -2.1323447261821413, -4.957847322337859, 5.1034748684455495]]
["2178:322753.0", [1.269262358206863, -0.13270434594284974, -4.028343828569319, 1.9051285537103244, -7.330240576396528, 3.9934603322930693, -1.5885573849364987, -1.5054283543460198]]
["2178:322758.0", [101.94633136046559, -17.980325925337898, 22.961070830111595, -48.40563529255847, 8.289196915085597, 1.1308367956079273, -28.059927345269276]]
["2178:322762.0", [1.0371530420998045, 0.8083297272750458, -0.9760078938281439, -5.7283496324655845, -1.88638370842126, -4.818522089983442, 1.337155326432247]]
["2178:322764.0", [0.9281721863846042, -1.1525962030499666, -2.382615709216796, -1.3554019203146124, -0.7237642956901633, -1.6630524959111024, 5.5450713218169385]]
["2178:322765.0", [-3.850914759510053, 0.033121898689430385, -1.406021801211887, 2.0048150246458905, 0.6955193617523929, -3.309106849139822, 2.9164558592534595]]
["2178:322766.0", [103.33247386976716, -5.3553548173727625, -3.9695099278457064, -42.11521071877614, 28.32091033384362, 1.1028124198052747, -31.020985862710784]]
["2178:322767.0", [-65.00534205496915, 34.584076222213234, 34.97775904972086, -8.390896398414984, -67.99621432393437, -1.4536377767626278]]
["2178:322768.0", [5.098824606046077, -1.4023009969051754, -16.831810748605353, 11.902135049519787, -15.464507590974753, -27.162204375101226]]
["2178:322775.0", [97.62747937588365, -4.707129561057388, -2.2168351695107984, -38.60720263714557, 20.40408649560937, 1.8609766844248576, -35.606062287388866]]
["2178:322776.0", [98.38938304789018, -21.936538129367502, -20.341384076606015, 10.040366638627557, 1.4200498827813826, -35.12106868954632, -35.260075924476574]]
["2178:322777.0", [0.42032439260322346, 0.31025928342071263, -2.389232386009219, -0.9171111026037588, -2.01275219708992, 4.4161333055809]]
["2178:322782.0", [0.6206578802627705, -3.1639083673035655, -1.1310447639274326, -2.052246423747019, -0.18357498790474813]]
["2178:322785.0", [109.78284172155884, -40.8581523194147, 80.16245161417069, -49.91097249664089, -89.46843127901829, 2.4188968143484546, -10.83324361050158, -1.8824604312982143]]
["2178:322789.0", [-0.4322590488684299, -17.583003155094033, 10.845680180622013, -16.326088249204187, -28.73686646654731]]
["2178:322791.0", [3.8081781353774313, -2.5021979629484323, 4.760647376193192, 34.24434065079837, 10.97201193448436]]
["2178:322792.0", [3.500464961383461, -0.11334976609879877, 2.2713374022959103, -6.334360298150445, 42.18319281060541, 8.419718685797779]]
["2178:322796.0", [-0.4696762690093183, 0.3238974802660539, -0.7365128317766493]]
["2178:322797.0", [0.8608593847936095, -2.7047092445994583, -0.9488316069626563, -5.249184136528557, -2.6252805949699445, -4.047354761472455]]
["2178:322798.0", [-4.146121619970969, 1.7622268154447025, -1.1463833280560887, 3.236835651518692, -5.337473177873854, 0.7667004803482591, 3.061108793789113]]
["2178:322799.0", [-0.6681707778857083, 0.5123344616854927, -0.20346892225555213, 1.3463668070484247]]
["2178:322800.0", [-0.10161320347854491, -3.2170157819396636, 0.9547426124646468, -2.098887928114383]]
["2178:322801.0", [-1.1648169042185903, 0.7889436599155603, 0.9629724531281225, -2.817256846632345, -0.58225016078906]]
["2178:322802.0", [0.7629468982585337, -1.0103325515482737, 0.6731594364409688]]
["2178:322809.0", [0.28208831450261457, -1.239906774308038, -1.1454574968855007, -0.699796968512449]]
["2178:322810.0", [-0.1489030429781169, -0.7492626069151995, -0.603391928609321, -1.7746983541650605]]
["2178:322812.0", [4.466459242819819, 1.3966015346353597, -2.1920351938183633, -2.245885912486279, -1.5447557659162694, -0.820419265056767]]
["2178:322814.0", [108.4251542011106, -26.306270985475447, -23.62471655696946, 1.112487554094303, -9.955192709544724, -74.5548998700095]]
["2178:322816.0", [108.21048560888843, -25.63070365019222, -24.063065808005263, 2.2103872974969403, -10.186954035917902, -73.8310357460498]]
["2178:322817.0", [0.5854413792408091, -2.841182945493901, -2.8532045759645106, 0.48211807490150516, -0.2964070295998651]]
["2178:322821.0", [108.26637614989667, -11.462712617641847, -8.18577654937795, -33.954145123238945, 16.143625402015914, 3.876706724644685, -21.56849449913853, -22.246987264510437]]
["2178:322826.0", [1.3152675054674412, -1.2020263583511586, -3.799819010382818, -5.099449508729272, -1.864322156204543, -2.541996268070421]]
["2178:322827.0", [0.9416286753611116, -1.568984400073683, -2.3297059112949534, -6.488331409093638, -1.9099665163115358, -3.308199940184133]]
["2178:322828.0", [-3.9866310189243244, -1.8377172321409416, 42.53539560696625, -67.65050869401045, 1.2297886875715287, -19.77157204722826, -15.03980545705023]]
["2178:322831.0", [0.7794970439765255, -2.034765023015349, -4.097342812961973, -1.669868535637535, 0.8232930708820506]]
["2178:322832.0", [114.45011342448853, -13.920193052284136, -12.43611898370297, -23.023742146010118, -5.370043950065416, 2.781590682191621, -66.91516160393527]]
["2178:322833.0", [107.40009662111932, -13.199205410683, -10.844771941386606, -37.72448646845844, 16.205803540821748, 14.71085153081308, 2.7246764335279976, -25.850021251274562]]
["2178:322839.0", [0.5667936690023818, -0.41601649061675744, -2.857943259956331, -4.253077853302661, -1.208581348157165, 3.3384305651294146]]
["2178:322840.0", [104.31128716214751, -8.949035395407593, -8.381227003798793, -33.704935450306266, 13.800884483822715, 1.9187892192380473, -22.007662413942718, -21.259777288785504]]
["2178:322841.0", [130.32128187518876, -12.27041660586829, -10.517197781416034, -48.09239144382809, 18.5484438537219, 20.11720379733603, 2.744421615085829, -29.2790338379686]]
["2178:322847.0", [0.9134855979652878, -1.083491186302826, -1.506034268944631, -0.381890417547038, 0.009041590117547266, -1.6911210542677, 5.795000854596641]]
["2178:322848.0", [0.7331562682972877, -1.85054206109557, -1.652093603407992, -1.7757230563503503, -2.652792774405194, -0.6346826622979616, 2.9132253247230175]]
["2178:322849.0", [1.6341830069211944, 1.971083347754606, -0.46561990001554, -3.726467277881207, -3.197319620671483, -1.5846594348699399, -3.4722048215063026, 4.5638977478372444]]
["2178:322850.0", [121.57619421532901, -14.680872954203926, -14.085202728067243, -22.679793376407833, -7.997366637900875, 0.647088808151833, -7.84878668876496, -66.4454003858425]]
["2178:322851.0", [3.9869403826274987, 0.5649588862716779, -15.667010003996527, 12.276228170582165, -18.12832789495451, 12.477432392467561, -32.115218428544324]]
["2178:322856.0", [0.5821405411603279, -1.364963545531014, -3.364630181968309, -1.3586674162263273, -2.933910113515582, 0.9531980440271256]]
["2178:322858.0", [3.5154012708109517, -17.051920859618104, -20.41030845915178, -29.926761994424698]]
["2178:322860.0", [7.74817434914529, 7.729743251936315, -6.331205724377248, -20.391794452378356, 0.11676041499647427, -11.855569658304008]]
["2178:322861.0", [3.3379010097542228, 4.470857371273621, -16.19384398337388, 0.5099236350833334, -13.89598969332924]]
["2178:322862.0", [1.570655936838869, 0.26106584079173306, -2.754199249168819, -0.9469683923637306, -0.5769025990832416, 3.4432323719118454]]
["2178:322863.0", [0.061425480133700194, -2.699140518003334, 1.145723479184103, 0.0959714013765599, -1.8307464482564217]]
["2178:322864.0", [0.9386850519604553, -4.143986474340195, -0.583463062233154, -5.510460005327049, -5.177832838000387, -6.868950493499213]]
["2178:322866.0", [5.386892093786445, -15.168941073834585, -19.432495475504364, 8.542079110919547, -30.264483918499163]]
["2178:322869.0", [-0.20929942539187854, 0.11595796441719616, -1.9464185977601123, 0.01604522453851967, 0.5852259701937202]]
["2178:322871.0", [10.463157083817709, 10.36981563681957, -1.6145443713036227, -94.49466085681713, 107.35745310428653, -27.274396888849136, 2.2874861375894606]]
["2178:322872.0", [-0.11833676574610201, -0.26590393870760104, -0.8263961526779919, -0.07785548081708629]]
["2178:322873.0", [0.11931373562263412, -0.14343614122463394, -0.9660886707549431, 1.106896210207088]]
["2178:322878.0", [12.710353627764334, -13.669761869212662, 21.47524771467142, -7.380792423187174, -30.72925397173609, -24.74200286271757, -23.78552459482665]]
["2178:322879.0", [3.182220102070467, 2.0478983656849556, 23.57792244821709, 5.157416902732001, -63.52805343223639, -0.8178485459166916, -8.766684089378]]
["2178:322882.0", [-7.2039655008660235, 2.0797621984558337, 0.9849329728870979, 34.134905785534116, -66.54315192572285, -0.42413088120916026, -11.727103300667743, -6.7521551876798815]]
["2178:322883.0", [-9.603084490248552, -7.201337399150985, 28.655582891251306, -19.708315939383564, 0.8811008906073553, -22.910045834518158, -20.687892773141144]]
["2178:322885.0", [0.6320647773375332, -17.106478782341043, 14.31524689319911, -15.890939069123812, 13.260240041447954, -33.024897031579705]]
["2178:322886.0", [-20.777757295164857, -24.22819062142548, 54.0412984836951, -3.566601995794396, 7.322442255723232, -49.9775761756034]]
["2178:322887.0", [1.1968973347190768, -2.3026079444175322, -0.6345660687010707, -0.7241842394368437, -2.6046732820010616, 1.5857580643642037]]
["2178:322889.0", [1.7064440679444444, -1.0121816149001623, -3.608116014106493, -0.30634222607445105, -3.074292077358613, -0.9307205134664, 5.0801178697096505]]
["2178:322890.0", [1.1480661736111641, -2.0353149095765986, -2.0551634196847366, -1.6499216307239715, 1.649012654224653]]
["2178:322893.0", [0.13574127646905143, -3.3647866613774515, -2.010249688817585, -1.1987924953818738, -0.2534755810768601]]
["2178:322895.0", [1.0197732900201737, -3.294829578948236, -1.692037215762358, -4.4524669871900295, -2.881214234751929, -4.625588203769344, 1.9643547500699454]]
["2178:322896.0", [1.5636632580194352, -1.8903684818593844, -2.8831617927047395, -8.290353234108569, -4.551610874048366, -2.975949082813399, 0.0456693370467629]]
["2178:322897.0", [0.7134299703118556, -2.1222409072012636, -3.7500956475390708, -3.19844330267072, -4.301201626038477, 5.90568763956995]]
["2178:322898.0", [2.485399983935722, 0.3359813404173002, -2.3676706046869245, -2.9404796103088118, -2.393701162310622, -2.872651342530948, 0.670439177940115]]
["2178:322899.0", [0.30923527286577124, -2.3760291367446524, -0.7242356468480554, -1.941707654245846, -2.956070149407816, -0.8616159038126291]]
["2178:322900.0", [0.053236373097187456, -0.7932980455140844, 0.6129339926992468, -3.899604151155389, -1.2672371905166973, -1.983918982284655]]
["2178:322906.0", [7.619289100580221, 8.593456541628155, -16.36335884654214, 1.7822637335273008, 18.52650177550118]]
["2178:322909.0", [0.14684941245852118, -0.7639249783019586, -3.5110157006490623, -1.5810899966026177, -4.258094330859289, 2.7440172452313694]]
["2178:322910.0", [-0.5343893792425986, -1.0406084845676062, -2.5122115946007377, -3.599504301650128, 3.4603036260615267]]
["2178:322912.0", [1.3341813531016973, -0.5239411283327083, -1.009917519196156, -3.7745429133274158, -1.1507491475744538, -1.0648028720630343]]
["2178:322913.0", [17.002738549423217, 17.267069139429644, -10.080740389557391, -69.79691499723339, 31.78237143038795, 1.0451594849891497, -28.126634380981464]]
["2178:322914.0", [0.2219148563193008, -18.071252107135138, 14.77288297029166, -16.757773702177293, 10.853445895205523, -33.29480282532876]]
["2178:322922.0", [-13.23072829703704, -11.526667931871904, 25.944127134989323, 1.467311090122764, -23.99603808234508]]
["2178:322925.0", [-0.6299771414957955, -1.8375316649189206, 4.03978631477875, -3.630414348415563, -1.9180196099379478]]
["2178:322926.0", [0.5597293668309086, -1.9176132263389176, -2.0209418212085444, -2.0378566053838263, -1.6292039974270318]]
["2178:322927.0", [0.7600330517139469, 1.2053408011071067, -1.1413785732716688, -2.4275674975385795]]
["2178:322934.0", [82.59274085165953, -19.085166030749438, -18.3656568018175, 21.19875673363014, 1.6948429454908247, -48.46931054679896]]
["2178:322935.0", [76.2638960420334, -20.047791832494113, -22.530478360901878, 23.868081016949745, -1.1522406414644226, -45.92430661290428]]
["2178:322936.0", [-1.9567992381672232, 5.733035541881364, 4.113431461172698, -21.367069687632704, 0.058027726898891824, -14.995163390264487]]
["2178:322941.0", [0.21041668232325647, -0.49849873561429847, -1.0544186634130517, 0.41246098318520114]]
["2178:322947.0", [81.06375417542198, -19.20800468400584, -19.487480139594012, 23.64790086300154, 1.1219123528087476, -44.99331421740984]]
["2178:322953.0", [-5.025639619926944, -6.77574333134809, -4.644634119749809, 44.50029328299414, 9.440338343776833, -66.54216326758802, 1.7489326670905807, -11.351236328925955, -8.20078997092179]]
["2178:322957.0", [-6.117101945065472, -2.9136399278739082, 39.1388648223006, 14.313545791821003, -68.2914329175408, 3.850596311589937, -17.323890880392785]]
["2178:322959.0", [-14.503341748482264, -12.114182397829653, 29.352820400889897, 3.567318873199149, -15.73571608297508, -9.583333778316904]]
["2178:322960.0", [-12.182876777160086, -10.554310236875418, 24.547379884599685, 2.0429312179268657, -21.90522885900436]]
["2178:322961.0", [-20.51245243660388, -21.262270573637313, 51.873038389848794, -3.483389387109885, 11.899146264175112, -49.57881422175117]]
["2178:322962.0", [-11.93058887845861, -10.581092263008545, 24.15343303159037, 2.2768542183782263, -21.564212393830086]]
["2178:322965.0", [106.8749233426116, -26.00969026457888, 105.37041391937615, -33.82513899287169, -5.884157707012617, -176.29450039823195, 2.942522070747994, -7.98998638735412, -3.2607711736523526]]
["2178:322966.0", [-11.194642055502179, -2.4276796893679853, -1.7679537389686968, 43.698996398657805, -64.58435176039109, 0.27884752072245816, -14.65656789713938, -10.117306140767504]]
["2178:322969.0", [0.9028199467899672, -3.030828805269527, -2.350214494103476, 2.5099647015525495, -4.21154730125135, -1.479376503100107]]
["2178:322970.0", [0.47725049675999365, -3.6514024047779703, 2.4585704071308307, -1.324743687434204, -1.6995207657837301]]
["2178:322971.0", [1.471969264667836, -1.9471415012146427, -1.663559227773524, -1.7296584973086515, -2.2552991113993843, 0.47287663639210425]]
["2178:322973.0", [0.8952965760014647, -2.5421075222776657, -2.225003420993652, -3.9740498562042914, 1.3475231420369005]]
["2178:322976.0", [6.972645694685101, 9.73093484381452, -16.957210695164015, 0.5534059753377656, 19.00720514242354]]
["2178:322977.0", [-10.019091521540211, 22.192457087308814, -6.1845683628991335, -2.4569940060243742, 3.351958862811854, 7.769014868163317]]
["2178:322984.0", [3.4428172660842535, -16.937406101315936, -21.484963475822468, -30.397050659665705]]
["2178:322985.0", [5.4587126674857815, 1.9786131137769085, -3.693160680643489, 2.0294231453473452, -7.882945053148418, -6.628903319902855, -14.883529601479975]]
["2178:322987.0", [0.622834371050222, -1.730770769294067, -2.2784924704183593, -2.1578982530876156, -3.410797046090508]]
["2178:322988.0", [0.778032229528498, -1.167557765514875, -3.9104062728959423, -3.0523519864152844, -3.3764182912652663]]
["2178:322989.0", [11.608420521900488, 12.248126654560359, -3.625939891699894, 18.35726836552472, -58.629683623550704, 0.28876359140194197, 26.183049293753488]]
["2178:322991.0", [5.16434116640604, 4.529191811981012, -5.396440157778371, 4.638203333624594, 37.14942215100626, 33.417288776478436, -7.04536210312828]]
["2178:322992.0", [98.48701615017482, -10.40031742630406, -10.309977348515893, -40.70603136169806, 17.570779751957065, 18.965622672020043, 49.05416263016151, 14.013189973854185, -27.619435140546337]]
["2178:322997.0", [3.223334784005255, 3.9462388002226665, -10.697424110482315, 8.929197060566487, -0.7533834520505259, 23.902141895490626]]
["2178:322999.0", [10.199398614720625, -0.4667515712455058, -19.106177707993826, 12.424895247098938, -18.35977911126711, -30.88181382402284]]
["2178:323000.0", [-1.5366212461632858, -19.55036817677971, 13.407162473004435, -18.69004797612674, -32.631070732798875]]
["2178:323001.0", [-22.569071405715135, -25.452119605843812, 56.78656465964836, -2.1778492292243654, -45.92806637498176]]
["2178:323003.0", [-0.13384811434776017, 0.3722369443278861, -0.3043390379367633, -1.5700343305421849, -1.8549273730718792]]
["2178:323005.0", [-18.668742767652407, -13.411047566932334, 34.96099445806623, 1.8361925219594104, 4.2118231596637665, -11.651657383884878, -16.943540805475134]]
["2178:323006.0", [-0.35791747924126827, 0.4950406985809155, -2.5568522396872915, -1.3783410366181856, -3.35896472514533, 3.0970065164327654]]
["2178:323007.0", [0.2812770955258475, -1.618514165874158, -0.7392677087975819, -5.385971757796847, 4.67965436640588]]
["2178:323008.0", [-16.220214451900894, -15.626473971065177, 33.12550730757629, 3.331330709274289, 0.7839031436691385, -13.298656223232022, -12.954635342429572]]
["2178:323009.0", [0.4851021124086841, -1.6634204325300828, -2.023711437566132, -0.6968752652652546, -4.583247379389413, 4.371329482528564]]
["2178:323010.0", [-16.004047975693332, -14.536328451970864, 28.550643725589673, 8.502634877904052, 2.344524468594771, -18.45971539973472]]
["2178:323011.0", [-15.55900718408958, -12.787632387129173, 26.768602649385922, 7.586631862537544, 2.3673003158606796, -17.405313719952435]]
["2178:323012.0", [-15.222525040782134, -10.46930105867058, 28.22113525310411, 2.0253846440769814, -25.224057221784136]]
["2178:323013.0", [-17.322758959324386, -16.820002931907513, 39.38307688215348, 2.0359525024778495, -3.427220091257786, -30.339085941498592]]
["2178:323015.0", [-0.7537881906392815, -0.5103319817160892, 37.61372669870962, -65.66658860267366, 1.4863279976460297, -20.609966011377814, -11.878829817324167]]
["2178:323018.0", [-16.518217705824014, -19.686703873572405, 50.08559486997267, -12.770026097306697, -0.917011991028955, 5.322141875965062, -56.022298581448766]]
["2178:323019.0", [-16.378088826893276, -18.869451018730903, 50.20342566508825, -14.918037891670616, -3.412665765427566, 3.688814100966992, -56.46372748542549]]
["2178:323024.0", [-18.480183233571005, 109.65994375047656, -147.45048305158156, -1.246224160464927, -31.42408651563578, -92.99171452987314]]
["2178:323025.0", [8.32136104219397, -12.623679849209939, 4.185905015182498, -10.905749490214026, -19.636388007916505, 7.659637188607877, -34.08317569782103]]
["2178:323026.0", [10.915411239441065, -10.788197186745188, -8.442582189180962, -24.17987721669427, 8.43901206367653, -32.4785954084905]]
["2178:323027.0", [-0.016872401524268082, -1.4939415575846415, -3.2894296898629345, -3.8014161998341223, 2.962253557987857]]
["2178:323028.0", [-0.5929563702338031, -0.691906199726428, -0.550173810294398, -1.5266789233144455, -2.3261121836734837, 3.6987694178019477]]
["2178:323029.0", [-0.04466692947209605, -1.6250303674446567, -1.9557516035809739, -2.815287581355414, 3.5471606813209124]]
["2178:323030.0", [-0.04351536293298841, -3.2526113830089116, -2.3516071287270615, -2.9525119639549295]]
["2178:323031.0", [0.15761510343187884, -2.4618756192760793, -4.529119717042924, -1.353966406727967]]
["2178:323032.0", [48.81466270169908, -23.874674178515317, -29.62487945798193, 48.70945794489961, -8.464727345815664]]
["2178:323033.0", [101.41521953169881, -9.646117669734204, -3.849226373494122, -40.638023401650685, 23.540922663034266, 2.7431550287518993, -28.458271676190638]]
["2178:323036.0", [1.4813489277393765, -0.751913585286119, -2.287418624232835, -0.5219678036030062, 2.920717770939903]]
["2178:323037.0", [0.5637355880663267, -4.556694528792012, 1.7351000429322827, -4.627370609251942, -6.905828287843177]]
["2178:323039.0", [-0.32815195883588655, 0.9550642718154648, -3.5596143093235533, -2.712108140268621, 2.5158295458549165, -1.6962974585930743, -0.3816482340955083]]
["2178:323040.0", [-4.329468732695959, 14.948629497812451, -3.0756166404988154, 17.82937257022159, -38.93524661869805, -17.878152652867414, 5.371387227186121]]
["2178:323041.0", [108.52540735964662, -3.8748210799817637, -2.941780314373963, -25.37443745531342, 15.816155737957073, 18.37367030832817, -64.58638168121843, 2.2666602414987387, -20.650868091930025, -13.800437998566071]]
["2178:323043.0", [0.04161496772760026, -0.2773728322261919, -2.390023026039033, -3.1857428093115394, -1.8204623136105813, -2.014984014588152, 4.820271030279567]]
["2178:323045.0", [0.21955048933616994, -3.3905509684060333, -0.9696203048152396, -1.9123666366339938, 0.08807550784439633]]
["2178:323046.0", [-0.19869669674522328, -3.754441435526698, -2.1111385313327315, -2.5828006711328273, -0.050682571710833735]]
["2178:323047.0", [0.6147223072104073, -1.3567748644645055, -1.725137911759624, -2.4562549523534907, 1.8908158916339841]]
["2178:323050.0", [98.45942233297055, -40.05182653107648, 93.52253370435996, -54.11521507632652, -10.978209706919548, -86.62621172459095, 0.7842290141718687, -11.00166766007356]]
["2178:323053.0", [-35.28673294837194, 47.476238680527636, -5.29563403916696, -43.374632964668315, 29.034887493467895]]
["2178:323056.0", [2.0095199857738018, -0.35964551065341455, -1.7617785322767894, -2.088804311615633, -0.48132743154160673, -2.104823366072655, -2.4233333350321695, 3.362981914692202]]
["2178:323057.0", [-1.1566071761083807, 0.20277741845001307, -2.0676693526109484, -1.9957041986936552, 0.9357795173052501, -1.8227550447330012, 2.8666822900257958]]
["2178:323058.0", [-2.4625397280630303, 0.22931345221090244, -0.6928085848433587, -1.3030591147236925, -0.9549468111809332, -2.048187323478103]]
["2178:323063.0", [0.43404237399907575, 0.5117936258366073, 1.757877693442355, 18.910567807041804, -15.239574216248712]]
["2178:323068.0", [68.74257453776042, -10.126097605981844, -10.707479122009442, -3.6817110277876592, 14.59151981420882, 1.6026534935463859, -50.02633192829202]]
["2178:323071.0", [3.772557900705814, -16.616086923805735, -0.8436591647748457, -21.143547648542306, -30.751909315596823]]
["2178:323074.0", [-1.116568004262396, -4.59278685628427, -0.7726638505962842, -1.2184905842280982, 2.1420206296093154]]
["2178:323082.0", [0.6473593155700148, -2.428900470548278, -1.926535166911404, -2.0074874004304544, 1.7913081712652774]]
["2178:323083.0", [0.07066005390347968, -1.245830716710005, -1.2077520626357168, -0.9148497502934654, 1.6969615496788482]]
["2178:323084.0", [11.01604927786616, 11.020186027197811, -41.917438306385996, 0.7714432125107236, -23.933760690785704, -21.016738072123577]]
["2178:323085.0", [0.7606015328866417, -2.4276044680175333, 0.14038555755269516]]
["2178:323086.0", [0.02993140209646744, -0.6764811395867942, 0.6758519342265618]]
["2178:323087.0", [-0.14133568841752336, -1.8640167082209282, -3.3506830214047785, -1.258813258047135]]
["2178:323093.0", [0.8663866099412216, -2.4034519904910807, -1.9628867956573661, -0.970741579748714]]
["2178:323094.0", [0.4184416864836379, -2.4663905293191064, -2.2822890502289597, -1.0656551841576256]]
["2178:323095.0", [0.5592648302051302, -0.18047170467054735, -3.0677628986162624, 0.389927663820011, -2.775772764051061, -2.1286620999447265, 5.759140105117019]]
["2178:323096.0", [0.831984111665766, -1.238389182824134, -2.953171946824544, -3.2549300434651425, -0.22312630642863351, -2.3032981941434043, -3.1295517218273132, 4.475077700083995]]
["2178:323098.0", [-0.5401173471312469, -2.3565050815955404, -0.5341447445476131, 2.0608066710990833, -2.018095817055504, -4.1188069040747255, 6.036467339544621]]
["2178:323101.0", [1.4552414537150042, -2.8754838747780926, -2.1556530512723397, -3.8083091541813925]]
["2178:323102.0", [-0.2155409474116462, -2.4183150925705164, -1.8579066646292657, -2.397984865760066]]
["2178:323103.0", [2.764277013237013, -0.4425056267038543, -5.9070928439280825, -1.9564999017796245, 5.777905935066264]]
["2178:323104.0", [1.1038703235959484, -17.71937154126128, 12.637441391386876, -19.419806532676855, 12.952936519426947, -35.040676695653886]]
["2178:323105.0", [1.1690588860891142, -18.292634769691222, 12.01271289229011, -18.912690582241837, 10.747295509634444, -34.97111825276072]]
["2178:323106.0", [0.06374898343285801, -16.662529404071766, 11.546929115116596, -19.777652175070738, 9.450982528697352, -33.71723086409744]]
["2178:323107.0", [-0.6562778491155347, -3.2701101041349623, -0.7466213495451051, -2.553434956343725, -0.8327577134493483]]
["2178:323108.0", [-1.8891111100696187, 1.395089170727067, -1.3115542647622886, 2.239853485696102]]
["2178:323109.0", [-14.288289915230232, 32.375367553510074, -8.979323807256526, -2.743892584212575, 7.638210900367895, 10.06482494641643]]
["2178:323110.0", [0.15399291447718233, -1.466687209108855, -2.5773092610970454, -1.479218033946784, 1.259323042495309]]
["2178:323111.0", [0.5711895490486177, -1.2223396445676629, -1.6686456494821285, 0.3942064905415546, -1.5311090757419066, -1.64297911996787, 4.64011847110233]]
["2178:323112.0", [2.1833990985432736, 1.5803694296146473, -0.48708241285771026, -7.70073074905828, -0.5585187487045334, -3.018688436583011, 0.42106966263544787, 3.680635734203307]]
["2178:323113.0", [-0.36968693197811897, -1.9772944609118466, -1.935090792151927, -2.664358341870062, -1.6611563415811623, -2.326994435052198, 0.9065942979167958]]
["2178:323115.0", [4.567916148426592, -13.713058129694371, -22.133296952314044, 10.894668617365854, -31.500192254297723]]
["2178:323116.0", [4.807539677719599, -13.10991905709831, -21.071018833273396, 10.62031532362211, -29.54344644353913]]
["2178:323117.0", [1.2994264496110695, -0.6169432450060612, -2.5875706108348395, -1.5379907340724401, -1.758788620006028, 4.699093235907367]]
["2178:323119.0", [0.25062361331249516, -2.7872071592008707, 0.4825227027712279, -4.624075176353339, -0.4724647979811598]]
["2178:323120.0", [-0.2526086700218182, -2.024724987271351, -0.4689951854523492, 1.501440359696266, -2.4544241119742933, -2.9624780653839755]]
["2178:323122.0", [6.614417527347034, -16.3279935189621, -19.86847853171605, 12.375933575973015, -32.50450502834889]]
["2178:323128.0", [1.0246095679720932, -3.3648865116061035, 0.5891350684363363, -1.7192562362114807]]
["2178:323129.0", [3.314202976325469, -1.3467828264988138, -1.6759690354055057, -5.614833060234692]]
["2178:323133.0", [-20.609060149439046, -25.523750636815567, 53.87004096318968, -4.287874730379307, -44.594425476879884]]
["2178:323135.0", [-18.433639043827352, -11.592783447196455, 22.545035469319863, 14.847231181609734, 3.280015733469202, 16.209982979204177, -23.647601126588835]]
["2178:323136.0", [-18.846037900171638, -13.539932603885093, 28.487369285908308, 10.49622935373021, 1.4970194187297277, -17.421781507418384]]
["2178:323137.0", [73.1300192446435, -23.73983054998234, -26.019722434017602, 30.644385875343517, -1.8728785189838122, 8.952624524749606, -46.08721626589567]]
["2178:323138.0", [-0.09986957074797609, -4.676574148894133, 5.4340281603471805, -2.371152922607952, 4.368752553372888]]
["2178:323139.0", [88.27974223592747, -14.961354001842123, -13.573723507138066, 3.388707593737143, -39.98977708363251, -36.67811148303499]]
["2178:323140.0", [0.35411229485438883, -2.6574203396007645, -1.3517729398865646, -3.561343802215668, 3.000655578153582]]
["2178:323141.0", [-17.224416651647672, -16.578927253928594, 30.504952374085615, 11.045593764446666, 0.8957550976298826, -18.4238977425584]]
["2178:323142.0", [-0.14539141254493415, -3.058105825892108, -2.138104371925013, -1.3246153687938271]]
["2178:323143.0", [3.4097654895014, 0.059472772466178964, -2.4371224079908216, 0.3309488824518524, -2.4917992023630346]]
["2178:323144.0", [-4.320826816509756, 10.32119124577802, -13.480440319173198, -8.584560898294479, -21.367881265014486, 11.0995043715816, -36.55945505610618]]
["2178:323146.0", [0.8880498725696737, -0.24921229555555213, -2.165334472717457, 0.1703185708995139, -0.9248251284571494, 0.25502365547659356]]
["2178:323147.0", [116.65765509466482, -15.478402785036053, -14.663871323576812, -15.832128463838975, -9.192275311002378, 0.1396630158476675, -0.2113994535932085, -66.11168705919154]]
["2178:323148.0", [3.65008913315725, -0.5189465919502303, -2.2345233060516074, -1.9363895565701799, -3.254866769688249]]
["2178:323154.0", [0.03743119992097277, -3.221238137344576, 0.15534235488159887, -2.5162664476247554, 0.06392174870515638]]
["2178:323155.0", [90.68225198511396, -21.541373930039025, -19.46035468776095, 12.691497182765941, 1.454277990868475, -28.03060077718683, -30.938271905266355]]
["2178:323158.0", [107.57576600873658, -23.862620348847557, -23.076492324811113, -3.971426944238729, 3.0921334784614984, -8.945586651522945, -76.75039353790079]]
["2178:323159.0", [96.95764238673162, -24.659670868597512, -23.91390702735581, 6.189129385815317, 50.75733630446236, -22.786072192815837, -53.24896641236113]]
["2178:323163.0", [0.24984759797246509, -0.24655031570853003, 0.04476265473834751, -1.5093603378412312, -3.30127527263209, 1.3695104044052473]]
["2178:323164.0", [0.6587073989522634, -1.1862770679819092, -2.6962141878083097, -0.8203908887226785, -0.42291604547062667, 4.159877386807263]]
["2178:323166.0", [153.4191840118787, -14.955640976928372, -13.83212532834077, -44.41292113814927, 26.20058369699958, 1.676710218797876, -33.89341811502049, -30.92801629897832]]
